9
23
56
0
8
54
99
76
41
38
42
50
27
19
46
9
71
83
37
6
33
92
91
63
12
53
72
3
10
80
93
7
40
92
1
18
21
69
33
54
9
20
89
26
29
38
70
42
88
6
9
23
56
0
8
54
99
76
41
38
42
50
27
19
46
9
71
83
37
6
33
92
91
63
12
53
72
3
10
80
93
7
40
92
1
18
21
69
33
54
9
20
89
26
29
38
70
42
88
6
9
23
56
0
8
54
99
76
41
38
42
50
27
19
46
9
71
83
37
6
33
92
91
63
12
53
72
3
10
80
93
7
40
92
1
18
21
69
33
54
9
20
89
26
29
38
70
42
88
6
9
23
56
0
8
54
99
76
41
38
42
50
27
19
46
9
71
83
37
6
33
92
91
63
12
53
72
3
10
80
93
7
40
92
1
18
21
69
33
54
9
20
89
26
29
38
70
42
88
6
9
23
56
0
8
54
99
76
41
38
42
50
27
19
46
9
71
83
37
6
33
92
91
63
12
53
72
3
10
80
93
7
40
92
1
18
21
69
33
54
9
20
89
26
29
38
70
42
88
6
9
23
56
0
8
54
99
76
41
38
42
50
27
19
46
9
71
83
37
6
33
92
91
63
12
53
72
3
10
80
93
7
40
92
1
18
21
69
33
54
9
20
89
26
29
38
70
42
88
6
9
23
56
0
8
54
99
76
41
38
42
50
27
19
46
9
71
83
37
6
33
92
91
63
12
53
72
3
10
80
93
7
40
92
1
18
21
69
33
54
9
20
89
26
29
38
70
42
88
6
9
23
56
0
8
54
99
76
41
38
42
50
27
19
46
9
71
83
37
6
33
92
91
63
12
53
72
3
10
80
93
7
40
92
1
18
21
69
33
54
9
20
89
26
29
38
70
42
88
6
9
23
56
0
8
54
99
76
41
38
42
50
27
19
46
9
71
83
37
6
33
92
91
63
12
53
72
3
10
80
93
7
40
92
1
18
21
69
33
54
9
20
89
26
29
38
70
42
88
6
9
23
56
0
8
54
99
76
41
38
42
50
27
19
46
9
71
83
37
6
33
92
91
63
12
53
72
3
10
80
93
7
40
92
1
18
21
69
33
54
9
20
89
26
29
38
70
42
88
6